total_distance =

     2.414213562373095e+00


t_vec =

  Column 1

                         0

  Column 2

     1.035533905932738e+01

  Column 3

     2.500000000000000e+01


T =

  Column 1

     1.035533905932738e+01

  Column 2

     1.464466094067263e+01


p =

  Column 1

    -4.769009742666697e-08
     2.823808625818103e-06
    -5.968166570280431e-05
     4.551396536793817e-04
                         0
                         0
                         0
     1.000000000000000e+00
     1.260697202187799e-08
    -6.331215398613921e-07
     8.374315561554546e-06
     5.361848115004175e-05
    -1.626345315420830e-03
    -2.081205644582695e-03
     1.960757465275874e-01
     2.000000000000000e+00

  Column 2

     3.258954905938083e-08
    -1.675347073515354e-06
     2.843484002401642e-05
    -1.509883997359296e-04
                         0
                         0
                         0
     1.000000000000000e+00
    -1.998269749670101e-08
     6.869877300363925e-07
    -2.269692753520403e-06
    -1.069149783838874e-04
     1.462041541452352e-04
     1.112702834440116e-02
     4.854037091231556e-02
     1.000000000000000e+00

  Column 3

    -3.308464613382967e-14
     8.409939411535561e-13
    -4.300781952792931e-12
    -8.955725050441288e-12
                         0
                         0
                         0
     1.000000000000000e+00
     8.038014698286133e-14
    -4.440003920080926e-12
     8.760647762784402e-11
    -6.609823799408332e-10
     3.978966045536936e-10
     8.989189614894144e-09
     2.729554871017115e-08
     1.000000000000000e+00