total_distance =

    2.4142

---------------------------------------
t_vec =

         0   10.3553   25.0000

---------------------------------------
T =

   10.3553   14.6447

---------------------------------------
p =

   -0.0000    0.0000   -0.0000
    0.0000   -0.0000    0.0000
   -0.0001    0.0000   -0.0000
    0.0005   -0.0002   -0.0000
         0         0         0
         0         0         0
         0         0         0
    1.0000    1.0000    1.0000
    0.0000   -0.0000    0.0000
   -0.0000    0.0000   -0.0000
    0.0000   -0.0000    0.0000
    0.0001   -0.0001   -0.0000
   -0.0016    0.0001    0.0000
   -0.0021    0.0111    0.0000
    0.1961    0.0485    0.0000
    2.0000    1.0000    1.0000